x <- 22

#this
